phonopy:
  version: "2.21.0"
  calculator: qe
  frequency_unit_conversion_factor: 108.970772
  symmetry_tolerance: 1.00000e-05
  configuration:
    dim: "3 3 3"
    primitive_axis: "1.0 0.0 0.0  0.0 1.0 0.0  0.0 0.0 1.0"
    force_constants: "READ"
    fc_format: "HDF5"
    fc_symmetry: ".TRUE."
    include_fc: ".TRUE."
    nac: ".TRUE."
    include_nac_params: ".TRUE."
    cell_filename: "scf.in"
    calculator: "qe"

physical_unit:
  atomic_mass: "AMU"
  length: "au"
  force_constants: "Ry/au^2"

space_group:
  type: "P6_3/mmc"
  number: 194
  Hall_symbol: "-P 6c 2c"

primitive_matrix:
- [  1.000000000000000,  0.000000000000000,  0.000000000000000 ]
- [  0.000000000000000,  1.000000000000000,  0.000000000000000 ]
- [  0.000000000000000,  0.000000000000000,  1.000000000000000 ]

supercell_matrix:
- [   3,   0,   0 ]
- [   0,   3,   0 ]
- [   0,   0,   3 ]

primitive_cell:
  lattice:
  - [     4.083006428069789,     0.000000000000000,     0.000000000000000 ] # a
  - [    -2.041503213940408,     3.535987290550338,     0.000000000000000 ] # b
  - [     0.000000000000000,     0.000000000000000,     6.662469682439401 ] # c
  points:
  - symbol: He # 1
    coordinates: [  0.333333333300000,  0.666666666700000,  0.250000000000000 ]
    mass: 4.002602
  - symbol: He # 2
    coordinates: [  0.666666666700000,  0.333333333300000,  0.750000000000000 ]
    mass: 4.002602
  reciprocal_lattice: # without 2pi
  - [     0.244917566900021,     0.141403223171382,     0.000000000000000 ] # a*
  - [     0.000000000000000,     0.282806446355852,     0.000000000000000 ] # b*
  - [     0.000000000000000,     0.000000000000000,     0.150094491632097 ] # c*

unit_cell:
  lattice:
  - [     4.083006428069789,     0.000000000000000,     0.000000000000000 ] # a
  - [    -2.041503213940408,     3.535987290550338,     0.000000000000000 ] # b
  - [     0.000000000000000,     0.000000000000000,     6.662469682439401 ] # c
  points:
  - symbol: He # 1
    coordinates: [  0.333333333300000,  0.666666666700000,  0.250000000000000 ]
    mass: 4.002602
    reduced_to: 1
  - symbol: He # 2
    coordinates: [  0.666666666700000,  0.333333333300000,  0.750000000000000 ]
    mass: 4.002602
    reduced_to: 2

supercell:
  lattice:
  - [    12.249019284209366,     0.000000000000000,     0.000000000000000 ] # a
  - [    -6.124509641821224,    10.607961871651014,     0.000000000000000 ] # b
  - [     0.000000000000000,     0.000000000000000,    19.987409047318202 ] # c
  points:
  - symbol: He # 1
    coordinates: [  0.111111111100000,  0.222222222233333,  0.083333333333333 ]
    mass: 4.002602
    reduced_to: 1
  - symbol: He # 2
    coordinates: [  0.444444444433333,  0.222222222233333,  0.083333333333333 ]
    mass: 4.002602
    reduced_to: 1
  - symbol: He # 3
    coordinates: [  0.777777777766667,  0.222222222233333,  0.083333333333333 ]
    mass: 4.002602
    reduced_to: 1
  - symbol: He # 4
    coordinates: [  0.111111111100000,  0.555555555566667,  0.083333333333333 ]
    mass: 4.002602
    reduced_to: 1
  - symbol: He # 5
    coordinates: [  0.444444444433333,  0.555555555566667,  0.083333333333333 ]
    mass: 4.002602
    reduced_to: 1
  - symbol: He # 6
    coordinates: [  0.777777777766667,  0.555555555566667,  0.083333333333333 ]
    mass: 4.002602
    reduced_to: 1
  - symbol: He # 7
    coordinates: [  0.111111111100000,  0.888888888900000,  0.083333333333333 ]
    mass: 4.002602
    reduced_to: 1
  - symbol: He # 8
    coordinates: [  0.444444444433333,  0.888888888900000,  0.083333333333333 ]
    mass: 4.002602
    reduced_to: 1
  - symbol: He # 9
    coordinates: [  0.777777777766667,  0.888888888900000,  0.083333333333333 ]
    mass: 4.002602
    reduced_to: 1
  - symbol: He # 10
    coordinates: [  0.111111111100000,  0.222222222233333,  0.416666666666667 ]
    mass: 4.002602
    reduced_to: 1
  - symbol: He # 11
    coordinates: [  0.444444444433333,  0.222222222233333,  0.416666666666667 ]
    mass: 4.002602
    reduced_to: 1
  - symbol: He # 12
    coordinates: [  0.777777777766667,  0.222222222233333,  0.416666666666667 ]
    mass: 4.002602
    reduced_to: 1
  - symbol: He # 13
    coordinates: [  0.111111111100000,  0.555555555566667,  0.416666666666667 ]
    mass: 4.002602
    reduced_to: 1
  - symbol: He # 14
    coordinates: [  0.444444444433333,  0.555555555566667,  0.416666666666667 ]
    mass: 4.002602
    reduced_to: 1
  - symbol: He # 15
    coordinates: [  0.777777777766667,  0.555555555566667,  0.416666666666667 ]
    mass: 4.002602
    reduced_to: 1
  - symbol: He # 16
    coordinates: [  0.111111111100000,  0.888888888900000,  0.416666666666667 ]
    mass: 4.002602
    reduced_to: 1
  - symbol: He # 17
    coordinates: [  0.444444444433333,  0.888888888900000,  0.416666666666667 ]
    mass: 4.002602
    reduced_to: 1
  - symbol: He # 18
    coordinates: [  0.777777777766667,  0.888888888900000,  0.416666666666667 ]
    mass: 4.002602
    reduced_to: 1
  - symbol: He # 19
    coordinates: [  0.111111111100000,  0.222222222233333,  0.750000000000000 ]
    mass: 4.002602
    reduced_to: 1
  - symbol: He # 20
    coordinates: [  0.444444444433333,  0.222222222233333,  0.750000000000000 ]
    mass: 4.002602
    reduced_to: 1
  - symbol: He # 21
    coordinates: [  0.777777777766667,  0.222222222233333,  0.750000000000000 ]
    mass: 4.002602
    reduced_to: 1
  - symbol: He # 22
    coordinates: [  0.111111111100000,  0.555555555566667,  0.750000000000000 ]
    mass: 4.002602
    reduced_to: 1
  - symbol: He # 23
    coordinates: [  0.444444444433333,  0.555555555566667,  0.750000000000000 ]
    mass: 4.002602
    reduced_to: 1
  - symbol: He # 24
    coordinates: [  0.777777777766667,  0.555555555566667,  0.750000000000000 ]
    mass: 4.002602
    reduced_to: 1
  - symbol: He # 25
    coordinates: [  0.111111111100000,  0.888888888900000,  0.750000000000000 ]
    mass: 4.002602
    reduced_to: 1
  - symbol: He # 26
    coordinates: [  0.444444444433333,  0.888888888900000,  0.750000000000000 ]
    mass: 4.002602
    reduced_to: 1
  - symbol: He # 27
    coordinates: [  0.777777777766667,  0.888888888900000,  0.750000000000000 ]
    mass: 4.002602
    reduced_to: 1
  - symbol: He # 28
    coordinates: [  0.222222222233333,  0.111111111100000,  0.250000000000000 ]
    mass: 4.002602
    reduced_to: 28
  - symbol: He # 29
    coordinates: [  0.555555555566667,  0.111111111100000,  0.250000000000000 ]
    mass: 4.002602
    reduced_to: 28
  - symbol: He # 30
    coordinates: [  0.888888888900000,  0.111111111100000,  0.250000000000000 ]
    mass: 4.002602
    reduced_to: 28
  - symbol: He # 31
    coordinates: [  0.222222222233333,  0.444444444433333,  0.250000000000000 ]
    mass: 4.002602
    reduced_to: 28
  - symbol: He # 32
    coordinates: [  0.555555555566667,  0.444444444433333,  0.250000000000000 ]
    mass: 4.002602
    reduced_to: 28
  - symbol: He # 33
    coordinates: [  0.888888888900000,  0.444444444433333,  0.250000000000000 ]
    mass: 4.002602
    reduced_to: 28
  - symbol: He # 34
    coordinates: [  0.222222222233333,  0.777777777766667,  0.250000000000000 ]
    mass: 4.002602
    reduced_to: 28
  - symbol: He # 35
    coordinates: [  0.555555555566667,  0.777777777766667,  0.250000000000000 ]
    mass: 4.002602
    reduced_to: 28
  - symbol: He # 36
    coordinates: [  0.888888888900000,  0.777777777766667,  0.250000000000000 ]
    mass: 4.002602
    reduced_to: 28
  - symbol: He # 37
    coordinates: [  0.222222222233333,  0.111111111100000,  0.583333333333333 ]
    mass: 4.002602
    reduced_to: 28
  - symbol: He # 38
    coordinates: [  0.555555555566667,  0.111111111100000,  0.583333333333333 ]
    mass: 4.002602
    reduced_to: 28
  - symbol: He # 39
    coordinates: [  0.888888888900000,  0.111111111100000,  0.583333333333333 ]
    mass: 4.002602
    reduced_to: 28
  - symbol: He # 40
    coordinates: [  0.222222222233333,  0.444444444433333,  0.583333333333333 ]
    mass: 4.002602
    reduced_to: 28
  - symbol: He # 41
    coordinates: [  0.555555555566667,  0.444444444433333,  0.583333333333333 ]
    mass: 4.002602
    reduced_to: 28
  - symbol: He # 42
    coordinates: [  0.888888888900000,  0.444444444433333,  0.583333333333333 ]
    mass: 4.002602
    reduced_to: 28
  - symbol: He # 43
    coordinates: [  0.222222222233333,  0.777777777766667,  0.583333333333333 ]
    mass: 4.002602
    reduced_to: 28
  - symbol: He # 44
    coordinates: [  0.555555555566667,  0.777777777766667,  0.583333333333333 ]
    mass: 4.002602
    reduced_to: 28
  - symbol: He # 45
    coordinates: [  0.888888888900000,  0.777777777766667,  0.583333333333333 ]
    mass: 4.002602
    reduced_to: 28
  - symbol: He # 46
    coordinates: [  0.222222222233333,  0.111111111100000,  0.916666666666667 ]
    mass: 4.002602
    reduced_to: 28
  - symbol: He # 47
    coordinates: [  0.555555555566667,  0.111111111100000,  0.916666666666667 ]
    mass: 4.002602
    reduced_to: 28
  - symbol: He # 48
    coordinates: [  0.888888888900000,  0.111111111100000,  0.916666666666667 ]
    mass: 4.002602
    reduced_to: 28
  - symbol: He # 49
    coordinates: [  0.222222222233333,  0.444444444433333,  0.916666666666667 ]
    mass: 4.002602
    reduced_to: 28
  - symbol: He # 50
    coordinates: [  0.555555555566667,  0.444444444433333,  0.916666666666667 ]
    mass: 4.002602
    reduced_to: 28
  - symbol: He # 51
    coordinates: [  0.888888888900000,  0.444444444433333,  0.916666666666667 ]
    mass: 4.002602
    reduced_to: 28
  - symbol: He # 52
    coordinates: [  0.222222222233333,  0.777777777766667,  0.916666666666667 ]
    mass: 4.002602
    reduced_to: 28
  - symbol: He # 53
    coordinates: [  0.555555555566667,  0.777777777766667,  0.916666666666667 ]
    mass: 4.002602
    reduced_to: 28
  - symbol: He # 54
    coordinates: [  0.888888888900000,  0.777777777766667,  0.916666666666667 ]
    mass: 4.002602
    reduced_to: 28

nac:
  born_effective_charge:
  - # 1 (He)
    - [  0.000000000000000,  0.000000000000000,  0.000000000000000 ]
    - [  0.000000000000000,  0.000000000000000,  0.000000000000000 ]
    - [  0.000000000000000,  0.000000000000000,  0.000000000000000 ]
  - # 2 (He)
    - [  0.000000000000000,  0.000000000000000,  0.000000000000000 ]
    - [  0.000000000000000,  0.000000000000000,  0.000000000000000 ]
    - [  0.000000000000000,  0.000000000000000,  0.000000000000000 ]
  dielectric_constant:
    - [  1.065579000000000,  0.000000000000000,  0.000000000000000 ]
    - [  0.000000000000000,  1.065579000000000,  0.000000000000000 ]
    - [  0.000000000000000,  0.000000000000000,  1.065579000000000 ]
  unit_conversion_factor: 2.000000

force_constants:
  format: "compact"
  shape: [ 2, 54 ]
  elements:
  - # (1, 1)
    - [     0.032281622037040,    -0.000000000000000,    -0.000000000000000 ]
    - [    -0.000000000000000,     0.032281620555541,     0.000000000000000 ]
    - [    -0.000000000000000,     0.000000000000000,     0.032348149814829 ]
  - # (1, 2)
    - [    -0.009168303518520,     0.000238497622700,    -0.000000000000000 ]
    - [    -0.000238497622700,     0.000588930555556,     0.000000000000000 ]
    - [    -0.000000000000000,     0.000000000000000,     0.000673085370370 ]
  - # (1, 3)
    - [    -0.009168303518520,    -0.000238497622700,    -0.000000000000000 ]
    - [     0.000238497622700,     0.000588930555556,     0.000000000000000 ]
    - [    -0.000000000000000,     0.000000000000000,     0.000673085370370 ]
  - # (1, 4)
    - [    -0.001850377962960,     0.004463503178260,    -0.000000000000000 ]
    - [     0.003986507932860,    -0.006728994999999,     0.000000000000000 ]
    - [    -0.000000000000000,     0.000000000000000,     0.000673085370370 ]
  - # (1, 5)
    - [    -0.001850377962960,    -0.004463503178260,    -0.000000000000000 ]
    - [    -0.003986507932860,    -0.006728994999999,     0.000000000000000 ]
    - [    -0.000000000000000,     0.000000000000000,     0.000673085370370 ]
  - # (1, 6)
    - [    -0.000093422407408,    -0.000000000000000,    -0.000000000000000 ]
    - [    -0.000000000000000,    -0.000093421666666,     0.000000000000000 ]
    - [    -0.000000000000000,     0.000000000000000,    -0.000010773518519 ]
  - # (1, 7)
    - [    -0.001850377962960,     0.003986507932860,    -0.000000000000000 ]
    - [     0.004463503178260,    -0.006728994999999,     0.000000000000000 ]
    - [    -0.000000000000000,     0.000000000000000,     0.000673085370370 ]
  - # (1, 8)
    - [    -0.000093422407408,    -0.000000000000000,    -0.000000000000000 ]
    - [    -0.000000000000000,    -0.000093421666666,     0.000000000000000 ]
    - [    -0.000000000000000,     0.000000000000000,    -0.000010773518519 ]
  - # (1, 9)
    - [    -0.001850377962960,    -0.003986507932860,    -0.000000000000000 ]
    - [    -0.004463503178260,    -0.006728994999999,     0.000000000000000 ]
    - [    -0.000000000000000,     0.000000000000000,     0.000673085370370 ]
  - # (1, 10)
    - [     0.000008830925926,    -0.000000000000000,    -0.000000000000000 ]
    - [    -0.000000000000000,     0.000008831666667,    -0.000000001283001 ]
    - [    -0.000000000000000,     0.000000001283001,    -0.000111133518519 ]
  - # (1, 11)
    - [    -0.000003931296297,    -0.000001566543731,    -0.000001933333334 ]
    - [     0.000001566543730,     0.000000551666667,     0.000002723810270 ]
    - [    -0.000001933333334,    -0.000002723810270,    -0.000008534629630 ]
  - # (1, 12)
    - [    -0.000003931296297,     0.000001566543730,     0.000001933333333 ]
    - [    -0.000001566543731,     0.000000551666667,     0.000002723810270 ]
    - [     0.000001933333333,    -0.000002723810270,    -0.000008534629630 ]
  - # (1, 13)
    - [    -0.000000569074074,     0.000000375678492,    -0.000001392771434 ]
    - [     0.000003508765953,    -0.000002810555555,    -0.000003037460691 ]
    - [     0.000003326104767,    -0.000000313650421,    -0.000008534629630 ]
  - # (1, 14)
    - [    -0.000000569074074,    -0.000000375678492,     0.000001392771433 ]
    - [    -0.000003508765953,    -0.000002810555555,    -0.000003037460691 ]
    - [    -0.000003326104767,    -0.000000313650421,    -0.000008534629630 ]
  - # (1, 15)
    - [     0.000001283148148,    -0.000000000000000,    -0.000000000000000 ]
    - [    -0.000000000000000,     0.000001282777778,     0.000000001752611 ]
    - [    -0.000000000000000,     0.000000000469611,     0.000005203148148 ]
  - # (1, 16)
    - [    -0.000000569074074,     0.000003508765953,    -0.000003326104767 ]
    - [     0.000000375678492,    -0.000002810555555,     0.000000313650421 ]
    - [     0.000001392771433,     0.000003037460691,    -0.000008534629630 ]
  - # (1, 17)
    - [     0.000001283148148,    -0.000000000000000,    -0.000000000000000 ]
    - [    -0.000000000000000,     0.000001282777778,    -0.000000000469611 ]
    - [    -0.000000000000000,    -0.000000001752611,     0.000005203148148 ]
  - # (1, 18)
    - [    -0.000000569074074,    -0.000003508765953,     0.000003326104767 ]
    - [    -0.000000375678492,    -0.000002810555555,     0.000000313650421 ]
    - [    -0.000001392771434,     0.000003037460691,    -0.000008534629630 ]
  - # (1, 19)
    - [     0.000008830925926,    -0.000000000000000,    -0.000000000000000 ]
    - [    -0.000000000000000,     0.000008831666667,     0.000000001283001 ]
    - [    -0.000000000000000,    -0.000000001283001,    -0.000111133518519 ]
  - # (1, 20)
    - [    -0.000003931296297,    -0.000001566543731,     0.000001933333333 ]
    - [     0.000001566543730,     0.000000551666667,    -0.000002723810270 ]
    - [     0.000001933333333,     0.000002723810270,    -0.000008534629630 ]
  - # (1, 21)
    - [    -0.000003931296297,     0.000001566543730,    -0.000001933333334 ]
    - [    -0.000001566543731,     0.000000551666667,    -0.000002723810270 ]
    - [    -0.000001933333334,     0.000002723810270,    -0.000008534629630 ]
  - # (1, 22)
    - [    -0.000000569074074,     0.000000375678492,     0.000001392771433 ]
    - [     0.000003508765953,    -0.000002810555555,     0.000003037460691 ]
    - [    -0.000003326104767,     0.000000313650421,    -0.000008534629630 ]
  - # (1, 23)
    - [    -0.000000569074074,    -0.000000375678492,    -0.000001392771434 ]
    - [    -0.000003508765953,    -0.000002810555555,     0.000003037460691 ]
    - [     0.000003326104767,     0.000000313650421,    -0.000008534629630 ]
  - # (1, 24)
    - [     0.000001283148148,    -0.000000000000000,    -0.000000000000000 ]
    - [    -0.000000000000000,     0.000001282777778,    -0.000000001752611 ]
    - [    -0.000000000000000,    -0.000000000469611,     0.000005203148148 ]
  - # (1, 25)
    - [    -0.000000569074074,     0.000003508765953,     0.000003326104767 ]
    - [     0.000000375678492,    -0.000002810555555,    -0.000000313650421 ]
    - [    -0.000001392771434,    -0.000003037460691,    -0.000008534629630 ]
  - # (1, 26)
    - [     0.000001283148148,    -0.000000000000000,    -0.000000000000000 ]
    - [    -0.000000000000000,     0.000001282777778,     0.000000000469611 ]
    - [    -0.000000000000000,     0.000000001752611,     0.000005203148148 ]
  - # (1, 27)
    - [    -0.000000569074074,    -0.000003508765953,    -0.000003326104767 ]
    - [    -0.000000375678492,    -0.000002810555555,    -0.000000313650421 ]
    - [     0.000001392771433,    -0.000003037460691,    -0.000008534629630 ]
  - # (1, 28)
    - [    -0.001877505740740,     0.001517328148150,    -0.003974458518520 ]
    - [     0.001517328148150,    -0.000125446481481,     0.002294654814810 ]
    - [    -0.003974458518520,     0.002294654814810,    -0.005974245370371 ]
  - # (1, 29)
    - [    -0.000101658749414,    -0.000000000160347,    -0.000000000103287 ]
    - [    -0.000000000160347,    -0.000010892819109,     0.000010233176148 ]
    - [    -0.000000000103287,     0.000010233176148,    -0.000024520453118 ]
  - # (1, 30)
    - [    -0.001877506065400,    -0.001517327987800,     0.003974458621810 ]
    - [    -0.001517327987800,    -0.000125446810520,     0.002294654231260 ]
    - [     0.003974458621810,     0.002294654231260,    -0.005974245843181 ]
  - # (1, 31)
    - [     0.000750583045012,    -0.000000000708292,     0.000000000101825 ]
    - [    -0.000000000708292,    -0.002753536390549,    -0.004589310210650 ]
    - [     0.000000000101825,    -0.004589310210650,    -0.005974245843181 ]
  - # (1, 32)
    - [    -0.000008287018379,    -0.000008596100912,    -0.000013249958774 ]
    - [    -0.000008596100912,     0.000001638770990,    -0.000007650342535 ]
    - [    -0.000013249958774,    -0.000007650342535,    -0.000009318703704 ]
  - # (1, 33)
    - [    -0.000008288390455,     0.000008596809204,     0.000013249856949 ]
    - [     0.000008596809204,     0.000001637997032,    -0.000007650567554 ]
    - [     0.000013249856949,    -0.000007650567554,    -0.000009319960772 ]
  - # (1, 34)
    - [    -0.000033585637606,     0.000039301449033,    -0.000008861583307 ]
    - [     0.000039301449033,    -0.000078967683528,    -0.000005115715272 ]
    - [    -0.000008861583307,    -0.000005115715272,    -0.000024520453118 ]
  - # (1, 35)
    - [    -0.000033585313249,    -0.000039302735130,     0.000008861994903 ]
    - [    -0.000039302735130,    -0.000078966515550,    -0.000005115358372 ]
    - [     0.000008861994903,    -0.000005115358372,    -0.000024519668859 ]
  - # (1, 36)
    - [     0.000006602203563,     0.000000001286097,    -0.000000000411597 ]
    - [     0.000000001286097,    -0.000013251733953,     0.000015299972165 ]
    - [    -0.000000000411597,     0.000015299972165,    -0.000009318703704 ]
  - # (1, 37)
    - [     0.000006356297045,    -0.000001846662287,    -0.000000000103287 ]
    - [    -0.000001846662287,     0.000004223584803,    -0.000000000273466 ]
    - [    -0.000000000103287,    -0.000000000273466,     0.000001864222755 ]
  - # (1, 38)
    - [     0.000001763059308,    -0.000000000160347,     0.000000000844027 ]
    - [    -0.000000000160347,    -0.000000886894554,    -0.000000000273466 ]
    - [     0.000000000844027,    -0.000000000273466,    -0.000001838258220 ]
  - # (1, 39)
    - [     0.000006355972384,     0.000001846822634,    -0.000000000740741 ]
    - [     0.000001846822634,     0.000004223255765,     0.000000000310089 ]
    - [    -0.000000000740741,     0.000000000310089,     0.000001863749947 ]
  - # (1, 40)
    - [     0.000003157125546,     0.000000000402819,    -0.000000000472196 ]
    - [     0.000000000402819,     0.000007422744103,     0.000000000486456 ]
    - [    -0.000000000472196,     0.000000000486456,     0.000001863749947 ]
  - # (1, 41)
    - [    -0.000003997396934,    -0.000001210761468,     0.000000000370370 ]
    - [    -0.000001210761468,    -0.000002600104498,     0.000000000261437 ]
    - [     0.000000000370370,     0.000000000261437,    -0.000004269314082 ]
  - # (1, 42)
    - [    -0.000003998769010,     0.000001210358648,     0.000000000101825 ]
    - [     0.000001210358648,    -0.000002600878456,    -0.000000000624655 ]
    - [     0.000000000101825,    -0.000000000624655,    -0.000004270571150 ]
  - # (1, 43)
    - [    -0.000000223594217,    -0.000001146464230,     0.000000000370370 ]
    - [    -0.000001146464230,     0.000001100228582,    -0.000000000094568 ]
    - [     0.000000000370370,    -0.000000000094568,    -0.000001838258220 ]
  - # (1, 44)
    - [    -0.000000223269861,     0.000001146289244,    -0.000000000411597 ]
    - [     0.000001146289244,     0.000001101396560,     0.000000000659642 ]
    - [    -0.000000000411597,     0.000000000659642,    -0.000001837473960 ]
  - # (1, 45)
    - [    -0.000001901882641,     0.000000000174986,     0.000000000041226 ]
    - [     0.000000000174986,    -0.000004695790680,    -0.000000000451469 ]
    - [     0.000000000041226,    -0.000000000451469,    -0.000004269314082 ]
  - # (1, 46)
    - [    -0.001877505556310,     0.001517327403030,     0.003974458621810 ]
    - [     0.001517327403030,    -0.000125445436655,    -0.002294654541350 ]
    - [     0.003974458621810,    -0.002294654541350,    -0.005974246074611 ]
  - # (1, 47)
    - [    -0.000101658564978,     0.000000000584773,    -0.000000000740741 ]
    - [     0.000000000584773,    -0.000010891774283,    -0.000010232902682 ]
    - [    -0.000000000740741,    -0.000010232902682,    -0.000024521157355 ]
  - # (1, 48)
    - [    -0.001877505651900,    -0.001517327987800,    -0.003974457881060 ]
    - [    -0.001517327987800,    -0.000125448290631,    -0.002294654541350 ]
    - [    -0.003974457881060,    -0.002294654541350,    -0.005974245815851 ]
  - # (1, 49)
    - [     0.000750583223846,     0.000000000538304,     0.000000000370370 ]
    - [     0.000000000538304,    -0.002753535413769,     0.004589309724200 ]
    - [     0.000000000370370,     0.004589309724200,    -0.005974245815851 ]
  - # (1, 50)
    - [    -0.000008287376619,    -0.000008597212023,     0.000013249588403 ]
    - [    -0.000008597212023,     0.000001638383273,     0.000007650081098 ]
    - [     0.000013249588403,     0.000007650081098,    -0.000009319204437 ]
  - # (1, 51)
    - [    -0.000008288211621,     0.000008596673718,    -0.000013249958774 ]
    - [     0.000008596673718,     0.000001638973811,     0.000007651192209 ]
    - [    -0.000013249958774,     0.000007651192209,    -0.000009319933448 ]
  - # (1, 52)
    - [    -0.000033584162584,     0.000039302560144,     0.000008861212936 ]
    - [     0.000039302560144,    -0.000078966818176,     0.000005115809841 ]
    - [     0.000008861212936,     0.000005115809841,    -0.000024521157355 ]
  - # (1, 53)
    - [    -0.000033586045805,    -0.000039302951241,    -0.000008861583307 ]
    - [    -0.000039302951241,    -0.000078967640062,     0.000005114698730 ]
    - [    -0.000008861583307,     0.000005114698730,    -0.000024520169591 ]
  - # (1, 54)
    - [     0.000006601471008,     0.000000000391097,     0.000000000370370 ]
    - [     0.000000000391097,    -0.000013252858465,    -0.000015299520696 ]
    - [     0.000000000370370,    -0.000015299520696,    -0.000009319204437 ]
  - # (2, 1)
    - [    -0.001877505740740,     0.001517328148150,    -0.003974458518520 ]
    - [     0.001517328148150,    -0.000125446481481,     0.002294654814810 ]
    - [    -0.003974458518520,     0.002294654814810,    -0.005974245370371 ]
  - # (2, 2)
    - [    -0.001877506065400,    -0.001517327987800,     0.003974458621810 ]
    - [    -0.001517327987800,    -0.000125446810520,     0.002294654231260 ]
    - [     0.003974458621810,     0.002294654231260,    -0.005974245843181 ]
  - # (2, 3)
    - [    -0.000101658749414,    -0.000000000160347,    -0.000000000103287 ]
    - [    -0.000000000160347,    -0.000010892819109,     0.000010233176148 ]
    - [    -0.000000000103287,     0.000010233176148,    -0.000024520453118 ]
  - # (2, 4)
    - [    -0.000033585637606,     0.000039301449033,    -0.000008861583307 ]
    - [     0.000039301449033,    -0.000078967683528,    -0.000005115715272 ]
    - [    -0.000008861583307,    -0.000005115715272,    -0.000024520453118 ]
  - # (2, 5)
    - [     0.000006602203563,     0.000000001286097,    -0.000000000411597 ]
    - [     0.000000001286097,    -0.000013251733953,     0.000015299972165 ]
    - [    -0.000000000411597,     0.000015299972165,    -0.000009318703704 ]
  - # (2, 6)
    - [    -0.000033585313249,    -0.000039302735130,     0.000008861994903 ]
    - [    -0.000039302735130,    -0.000078966515550,    -0.000005115358372 ]
    - [     0.000008861994903,    -0.000005115358372,    -0.000024519668859 ]
  - # (2, 7)
    - [     0.000750583045012,    -0.000000000708292,     0.000000000101825 ]
    - [    -0.000000000708292,    -0.002753536390549,    -0.004589310210650 ]
    - [     0.000000000101825,    -0.004589310210650,    -0.005974245843181 ]
  - # (2, 8)
    - [    -0.000008288390455,     0.000008596809204,     0.000013249856949 ]
    - [     0.000008596809204,     0.000001637997032,    -0.000007650567554 ]
    - [     0.000013249856949,    -0.000007650567554,    -0.000009319960772 ]
  - # (2, 9)
    - [    -0.000008287018379,    -0.000008596100912,    -0.000013249958774 ]
    - [    -0.000008596100912,     0.000001638770990,    -0.000007650342535 ]
    - [    -0.000013249958774,    -0.000007650342535,    -0.000009318703704 ]
  - # (2, 10)
    - [    -0.001877505556310,     0.001517327403030,     0.003974458621810 ]
    - [     0.001517327403030,    -0.000125445436655,    -0.002294654541350 ]
    - [     0.003974458621810,    -0.002294654541350,    -0.005974246074611 ]
  - # (2, 11)
    - [    -0.001877505651900,    -0.001517327987800,    -0.003974457881060 ]
    - [    -0.001517327987800,    -0.000125448290631,    -0.002294654541350 ]
    - [    -0.003974457881060,    -0.002294654541350,    -0.005974245815851 ]
  - # (2, 12)
    - [    -0.000101658564978,     0.000000000584773,    -0.000000000740741 ]
    - [     0.000000000584773,    -0.000010891774283,    -0.000010232902682 ]
    - [    -0.000000000740741,    -0.000010232902682,    -0.000024521157355 ]
  - # (2, 13)
    - [    -0.000033584162584,     0.000039302560144,     0.000008861212936 ]
    - [     0.000039302560144,    -0.000078966818176,     0.000005115809841 ]
    - [     0.000008861212936,     0.000005115809841,    -0.000024521157355 ]
  - # (2, 14)
    - [     0.000006601471008,     0.000000000391097,     0.000000000370370 ]
    - [     0.000000000391097,    -0.000013252858465,    -0.000015299520696 ]
    - [     0.000000000370370,    -0.000015299520696,    -0.000009319204437 ]
  - # (2, 15)
    - [    -0.000033586045805,    -0.000039302951241,    -0.000008861583307 ]
    - [    -0.000039302951241,    -0.000078967640062,     0.000005114698730 ]
    - [    -0.000008861583307,     0.000005114698730,    -0.000024520169591 ]
  - # (2, 16)
    - [     0.000750583223846,     0.000000000538304,     0.000000000370370 ]
    - [     0.000000000538304,    -0.002753535413769,     0.004589309724200 ]
    - [     0.000000000370370,     0.004589309724200,    -0.005974245815851 ]
  - # (2, 17)
    - [    -0.000008288211621,     0.000008596673718,    -0.000013249958774 ]
    - [     0.000008596673718,     0.000001638973811,     0.000007651192209 ]
    - [    -0.000013249958774,     0.000007651192209,    -0.000009319933448 ]
  - # (2, 18)
    - [    -0.000008287376619,    -0.000008597212023,     0.000013249588403 ]
    - [    -0.000008597212023,     0.000001638383273,     0.000007650081098 ]
    - [     0.000013249588403,     0.000007650081098,    -0.000009319204437 ]
  - # (2, 19)
    - [     0.000006356297045,    -0.000001846662287,    -0.000000000103287 ]
    - [    -0.000001846662287,     0.000004223584803,    -0.000000000273466 ]
    - [    -0.000000000103287,    -0.000000000273466,     0.000001864222755 ]
  - # (2, 20)
    - [     0.000006355972384,     0.000001846822634,    -0.000000000740741 ]
    - [     0.000001846822634,     0.000004223255765,     0.000000000310089 ]
    - [    -0.000000000740741,     0.000000000310089,     0.000001863749947 ]
  - # (2, 21)
    - [     0.000001763059308,    -0.000000000160347,     0.000000000844027 ]
    - [    -0.000000000160347,    -0.000000886894554,    -0.000000000273466 ]
    - [     0.000000000844027,    -0.000000000273466,    -0.000001838258220 ]
  - # (2, 22)
    - [    -0.000000223594217,    -0.000001146464230,     0.000000000370370 ]
    - [    -0.000001146464230,     0.000001100228582,    -0.000000000094568 ]
    - [     0.000000000370370,    -0.000000000094568,    -0.000001838258220 ]
  - # (2, 23)
    - [    -0.000001901882641,     0.000000000174986,     0.000000000041226 ]
    - [     0.000000000174986,    -0.000004695790680,    -0.000000000451469 ]
    - [     0.000000000041226,    -0.000000000451469,    -0.000004269314082 ]
  - # (2, 24)
    - [    -0.000000223269861,     0.000001146289244,    -0.000000000411597 ]
    - [     0.000001146289244,     0.000001101396560,     0.000000000659642 ]
    - [    -0.000000000411597,     0.000000000659642,    -0.000001837473960 ]
  - # (2, 25)
    - [     0.000003157125546,     0.000000000402819,    -0.000000000472196 ]
    - [     0.000000000402819,     0.000007422744103,     0.000000000486456 ]
    - [    -0.000000000472196,     0.000000000486456,     0.000001863749947 ]
  - # (2, 26)
    - [    -0.000003998769010,     0.000001210358648,     0.000000000101825 ]
    - [     0.000001210358648,    -0.000002600878456,    -0.000000000624655 ]
    - [     0.000000000101825,    -0.000000000624655,    -0.000004270571150 ]
  - # (2, 27)
    - [    -0.000003997396934,    -0.000001210761468,     0.000000000370370 ]
    - [    -0.000001210761468,    -0.000002600104498,     0.000000000261437 ]
    - [     0.000000000370370,     0.000000000261437,    -0.000004269314082 ]
  - # (2, 28)
    - [     0.032281622037040,    -0.000000000000000,    -0.000000000000000 ]
    - [    -0.000000000000000,     0.032281620555541,     0.000000000000000 ]
    - [    -0.000000000000000,     0.000000000000000,     0.032348149814829 ]
  - # (2, 29)
    - [    -0.009168303518520,    -0.000238497622700,    -0.000000000000000 ]
    - [     0.000238497622700,     0.000588930555556,     0.000000000000000 ]
    - [    -0.000000000000000,     0.000000000000000,     0.000673085370370 ]
  - # (2, 30)
    - [    -0.009168303518520,     0.000238497622700,    -0.000000000000000 ]
    - [    -0.000238497622700,     0.000588930555556,     0.000000000000000 ]
    - [    -0.000000000000000,     0.000000000000000,     0.000673085370370 ]
  - # (2, 31)
    - [    -0.001850377962960,     0.003986507932860,    -0.000000000000000 ]
    - [     0.004463503178260,    -0.006728994999999,     0.000000000000000 ]
    - [    -0.000000000000000,     0.000000000000000,     0.000673085370370 ]
  - # (2, 32)
    - [    -0.001850377962960,    -0.003986507932860,    -0.000000000000000 ]
    - [    -0.004463503178260,    -0.006728994999999,     0.000000000000000 ]
    - [    -0.000000000000000,     0.000000000000000,     0.000673085370370 ]
  - # (2, 33)
    - [    -0.000093422407408,    -0.000000000000000,    -0.000000000000000 ]
    - [    -0.000000000000000,    -0.000093421666666,     0.000000000000000 ]
    - [    -0.000000000000000,     0.000000000000000,    -0.000010773518519 ]
  - # (2, 34)
    - [    -0.001850377962960,     0.004463503178260,    -0.000000000000000 ]
    - [     0.003986507932860,    -0.006728994999999,     0.000000000000000 ]
    - [    -0.000000000000000,     0.000000000000000,     0.000673085370370 ]
  - # (2, 35)
    - [    -0.000093422407408,    -0.000000000000000,    -0.000000000000000 ]
    - [    -0.000000000000000,    -0.000093421666666,     0.000000000000000 ]
    - [    -0.000000000000000,     0.000000000000000,    -0.000010773518519 ]
  - # (2, 36)
    - [    -0.001850377962960,    -0.004463503178260,    -0.000000000000000 ]
    - [    -0.003986507932860,    -0.006728994999999,     0.000000000000000 ]
    - [    -0.000000000000000,     0.000000000000000,     0.000673085370370 ]
  - # (2, 37)
    - [     0.000008830925926,    -0.000000000000000,    -0.000000000000000 ]
    - [    -0.000000000000000,     0.000008831666667,     0.000000001283001 ]
    - [    -0.000000000000000,    -0.000000001283001,    -0.000111133518519 ]
  - # (2, 38)
    - [    -0.000003931296297,     0.000001566543730,    -0.000001933333334 ]
    - [    -0.000001566543731,     0.000000551666667,    -0.000002723810270 ]
    - [    -0.000001933333334,     0.000002723810270,    -0.000008534629630 ]
  - # (2, 39)
    - [    -0.000003931296297,    -0.000001566543731,     0.000001933333333 ]
    - [     0.000001566543730,     0.000000551666667,    -0.000002723810270 ]
    - [     0.000001933333333,     0.000002723810270,    -0.000008534629630 ]
  - # (2, 40)
    - [    -0.000000569074074,     0.000003508765953,     0.000003326104767 ]
    - [     0.000000375678492,    -0.000002810555555,    -0.000000313650421 ]
    - [    -0.000001392771434,    -0.000003037460691,    -0.000008534629630 ]
  - # (2, 41)
    - [    -0.000000569074074,    -0.000003508765953,    -0.000003326104767 ]
    - [    -0.000000375678492,    -0.000002810555555,    -0.000000313650421 ]
    - [     0.000001392771433,    -0.000003037460691,    -0.000008534629630 ]
  - # (2, 42)
    - [     0.000001283148148,    -0.000000000000000,    -0.000000000000000 ]
    - [    -0.000000000000000,     0.000001282777778,     0.000000000469611 ]
    - [    -0.000000000000000,     0.000000001752611,     0.000005203148148 ]
  - # (2, 43)
    - [    -0.000000569074074,     0.000000375678492,     0.000001392771433 ]
    - [     0.000003508765953,    -0.000002810555555,     0.000003037460691 ]
    - [    -0.000003326104767,     0.000000313650421,    -0.000008534629630 ]
  - # (2, 44)
    - [     0.000001283148148,    -0.000000000000000,    -0.000000000000000 ]
    - [    -0.000000000000000,     0.000001282777778,    -0.000000001752611 ]
    - [    -0.000000000000000,    -0.000000000469611,     0.000005203148148 ]
  - # (2, 45)
    - [    -0.000000569074074,    -0.000000375678492,    -0.000001392771434 ]
    - [    -0.000003508765953,    -0.000002810555555,     0.000003037460691 ]
    - [     0.000003326104767,     0.000000313650421,    -0.000008534629630 ]
  - # (2, 46)
    - [     0.000008830925926,    -0.000000000000000,    -0.000000000000000 ]
    - [    -0.000000000000000,     0.000008831666667,    -0.000000001283001 ]
    - [    -0.000000000000000,     0.000000001283001,    -0.000111133518519 ]
  - # (2, 47)
    - [    -0.000003931296297,     0.000001566543730,     0.000001933333333 ]
    - [    -0.000001566543731,     0.000000551666667,     0.000002723810270 ]
    - [     0.000001933333333,    -0.000002723810270,    -0.000008534629630 ]
  - # (2, 48)
    - [    -0.000003931296297,    -0.000001566543731,    -0.000001933333334 ]
    - [     0.000001566543730,     0.000000551666667,     0.000002723810270 ]
    - [    -0.000001933333334,    -0.000002723810270,    -0.000008534629630 ]
  - # (2, 49)
    - [    -0.000000569074074,     0.000003508765953,    -0.000003326104767 ]
    - [     0.000000375678492,    -0.000002810555555,     0.000000313650421 ]
    - [     0.000001392771433,     0.000003037460691,    -0.000008534629630 ]
  - # (2, 50)
    - [    -0.000000569074074,    -0.000003508765953,     0.000003326104767 ]
    - [    -0.000000375678492,    -0.000002810555555,     0.000000313650421 ]
    - [    -0.000001392771434,     0.000003037460691,    -0.000008534629630 ]
  - # (2, 51)
    - [     0.000001283148148,    -0.000000000000000,    -0.000000000000000 ]
    - [    -0.000000000000000,     0.000001282777778,    -0.000000000469611 ]
    - [    -0.000000000000000,    -0.000000001752611,     0.000005203148148 ]
  - # (2, 52)
    - [    -0.000000569074074,     0.000000375678492,    -0.000001392771434 ]
    - [     0.000003508765953,    -0.000002810555555,    -0.000003037460691 ]
    - [     0.000003326104767,    -0.000000313650421,    -0.000008534629630 ]
  - # (2, 53)
    - [     0.000001283148148,    -0.000000000000000,    -0.000000000000000 ]
    - [    -0.000000000000000,     0.000001282777778,     0.000000001752611 ]
    - [    -0.000000000000000,     0.000000000469611,     0.000005203148148 ]
  - # (2, 54)
    - [    -0.000000569074074,    -0.000000375678492,     0.000001392771433 ]
    - [    -0.000003508765953,    -0.000002810555555,    -0.000003037460691 ]
    - [    -0.000003326104767,    -0.000000313650421,    -0.000008534629630 ]